g1=1&g2=0&g3=0&g4=0&g5=0&g6=0&g7=0&g8=0&g9=0&g10=0 => 0.03834799
g1=1&g2=0&g3=0&g4=0&g5=0&g6=0&g7=0&g8=0&g9=0&g10=1 => 0.20019394
g1=1&g2=0&g3=0&g4=1&g5=0&g6=0&g7=0&g8=0&g9=0&g10=0 => 0.018158814
